HEINRICH II. XXIII

reiteste 3135 3311 dem 133313 1113333 Η33133333333 3311 dem 11313333 1131331351 33353313333
Ariete 133 833339311333 fiir 113313351331 53931933, 133 33 513 3313313313 Τ 313 (17. 3139331
1021) 5353391313. 11333 9139 33 auf reineri Naehsolyer 13 1133333131, iiber, 31333
8353 133 Pfalzyraferi Aribo 1. 333 1131333, 3533 3335 31333 1113139133331 133 11313333
5331531, (ierim 1113331133 8313533933 1113353 113 11111313 31333 11133333 3313391 53113, 331
33533 133 1331333113533 Depelle 3393511313 (D. 428). 13 133 1131333133 33131 3333533 zu
Ε313 133 8391335333 1021 (DD. 447. 448), 33533353131135 3335 333 331333 1173153, 313
11333931133 5333135331.
13 133 11311331331333 Κα331313515311339 51135 13331331, 133 11111913 133393535153113,
10 33353531 1135333131, irn Laese 133 135333 1012 3331333113 1131133133 (DD. 243. 245. 246.
251) 333 113113339311133 133 1133331333 Eberhard aus, 3533 31333 Ε3313333133 ze 333333,·
3331333 313331 11191333, 133 13 133 11353333 1013 9311531 (D. 254) ersahreri wir, 1333
Eberhard 1333133533 zum 1133533313, 3133, 3313 33 33333131 9333331 33131, Ε33339131133
1131131133 5391131331, 3331 1333 133 1133313333 313331 93313333 Heinrich, 313333 1113333
3133133533151133911, 11533 133333 13313533 wir 313513 1313333, 3533133933 war. 1113333 131
3951331333 im 1133531 1015 rum Biscleef 333 Parma 3333331 worden (DD. 3311-338),
53513113533 133 1133133331 3335 513 zum Friilujairr 1016 531 (D. 349) 331 13331 3331
1333 13335 Ρ11193133, Capellae 133 11313333 331 39513313331020313310211133933931
vore 113335339 (D. 440), 3333111, 133, wie 313153, 1333 113333 133 5313133533 Pfaleqraserr
33 3319355313· die 33313 333 ihm 33339333313313 [13133313 vom 21. 1331 1016111. 353) 1311113
313 5339331133533 11133133 3339331315, 1533 4313119339 3533 133 1131133133533 11333131
5533133933, weil 33 33 31333 ferteri Norm, wie 1131133133 fir’r 33311313353 Empfr‘inqer
33 535331313 33133, 3335 1311113. 1113319313 darm im 83333333 1021 Η3315331311335-
, folyer auf dem Kb‘lrier 113331351 333313, 1331- 333331 33136531 am 6. December 1021
33111. 461) - 313 93313333 111313135 33 33133 813113, 133 33533353131135 33113133331006
313115319113533 Capellae 3313153133 91313533331933 83533 133 Graferr 113333 von 1133353339
(11.110) ze 11331191313333 131. 11133135 13131 333513333310233313131 33335531 (D. 483) ,·
33 1113113 33111313 3593933933 3313 331 ward 1333511393 (rueret 539393331 13 D. 494
vern 2. September 1023) 3333131, 133 3313 13313335 33133 1133331 ΙΙ. 5351311 331 1027
33 33 1131331353 813113 813353) 333 Parma 333313. 3133153331 um 11333153Ζ311333313335
1334331133 1311133533 1131331333 13335 113113963133339 (13315333 zum 1133513353) 333
83135339 3335 313313133131191, 33 war am 3. 133333 1024 3335 3135333131, 331 3331 em
5. 1353333 (DD. 504. 505) 3131 133 3333 11333133 1131313135, 313 Mene 33531333133
1451133111, zum 333133 1131 33131531, dem yleielzfalls 33133 81311339 3335 33133 1133331 11.
33 53133333 33313.
Auf die Verie'ltrrieee 133 31313333 11333313393333331313 133 1311133533 11333131 531
133 3333331193 1113311331 im 1133333311333131333 fiii· 333 33133353333 11339333 31351333-
93153 81151135, wie 33533 53333131 333313, 133 333131 5333511393 331 13113313 113133.
113533 ihm 3131 - 359333533 veri Ε C (3. 3533 8. XXI) — 333133 8333533933 8353315333
3 3335 Ba. 11, Ba. III 331 Ba. 1 V, ferrer Erieh 331 133 frillier erwc‘r'lime 1113311133
(1313131313 333 Herefeld 13 1311333131 151119 93333333. Auci 33331193 Ρ33133335331533
53939333 3335 3313531335 (391. DD. 267. 268. 273. 277. 319. 324. 326. 327. 328. 340),
3533 333 13 33351113333313319 3353 13131333 Zabi, 3335 333 fiir 3333193 5333333913 Empfiinqer
3333931333 3311 dem 13533 1016 (391. DD. 350. 387. 396. 412. 424. 459. 496. 501⁸.
3 504. 507¹)2. 3159333133 333 113333 3331933 1333353333 3131 113 1333133533 [1313313313

l) Viellcicht 131 er identirclu 3311 dem amabilis capellanus odalricus 01113 III„ der im
13533 1000 13 133 110. III. 355 fiir den Marquasen dealbatae 1313333331 9333331 13131.
2) 791. 33351111. 417. 433. 434. 445. 492.

 

