xxvffl KAlSERN'RKL'NDEN.

,Ν’1119’11011191111·111,· 1111991911 111 beiden 111111· 1013 111 1011111 1111191111111111 1101111111, 1111111
,111 noch 111· 11’11’011111·01111 91910111 11111, eine 1111 01111111 81911111011191110111 11119111111111.
111110 111 1111011 10111Ι 1111111111 (ll) 181·9111111011119111011 111111 11111εο 1,Ν’119ἀο111’11111’111ὀ111
111 1111111111 110, 1017 0110111 1111111111 0101111111 11111 111] 111111 HC 1111 8191111110111110-
191119 01111 11191, 1111 11011911 0111111 1111 91111 1110111111· Ζ1’[111,· 1010 91011 nael· 1111111,
1.81911111011 1111 1))..111010 3117 11111 11111, I. 111111 1,,300”111111’1111. 11. 11111111·1111.·1111111111111·.·

111111 11·.11 111111 111011 1010 1110 01111101 1111,1Μ11191ιο1111111111191111 111111111011’1·1111’1·,·0 11111
Ba. 11, ¹ hat sich 1111 111011 1021 ihr 111101 1101911111.

1111 111191111111111 1111311111 11111101111119 1111 11111111191011111111111 01011111111111”111·118
1101 ··’-’1111 111 11111111Ἢο11 1111 11111111 111· 111111011911 810111011. 111111 101111 1111111111111οιο
1111 111, 111111 11111 1111 11111111111011111111 ΕΙ) 111111 19111111( (111 1111011 11 1111 1011111111119111111
1101 91111911οα911 Κ111111’ 1111311 1111133111, 11111 1111111111 0111111 111111 9111111111 1119111, 111111 11·
1111911111111110111 1111110 1111191111 1111110111011191111111 Το1111990111111 11111 1101111110·-
0·10111,111’1 111 1111 Ζ111110111 111 11111 ,11111111 (1111111111 1111011111 em 91111011 Ι) 111111 111 9 111111
11111· 11 1111111119 9101111011 11111. Bet 11111 11111111111111119111111111 011 1111111111111710 111110 15
131111111111111911111 011111011111111,1111111111111111111111011111111111191.011111111111102311-211
111111111111,’,Ν 1111011· 22, 1119191111 11111119111111,1119111111 9111110111111 (11911101111111
111111, 1111 1)α11’1111119111 1111111111, 111 11011911 11111111 1110 die 1111111111 111111 11111 die 1111
1111191111 111110133191 ,·11191101; 11011· ’1111111 111111111111111- 111111 111’91’1·11199.9ἀο1·1 siml 1911
1101110191 0111101111 1111111111.

1111111111119111, deren 111111111’··11100111 1111· 01 1111111111 11111· 01··,1·111’1’1111 1111111111001111111111
,1111111111 111011· 1001111111,)“.01 (1311011111 01119191 1111 911111· es 1110 1119111111 1111·

1
119111119911011111111111,19111111811111111111111 111··11011111111199 11,01 111,11111·1111(1111·1“·’.· 11011·
11·’

11110 11111111191010111 1110111111,(’1111111101119 11111111111191110111 1111111111111 1110110119
11011111111111111911111 11111011111111911111919 00111111 1111 9111111111 11111111111111111111. 100,
11111111 111111 1111111111 ,·111 cler 1’111111011111100111, 11111 ,111111111111111911111 11111 1019 1111111
(111 11’1111-, 1111111 1110113111911011 111111111111111, ’111 111111 91111 111111119111011111, 111111 11111111
19101111181111111111 11111111110111111119391110119111 111191111011, 91011 die 1111. 3353. 353 1111111
11119111111111 111119 1191. ,Νἷ ,111011 20, 11111911. 1111919111 111 11110 9111 11111111 1111111101
11. 011111 1111111111· 1111011111111, 111 1111 1111· ,Ν’1’1·011111011111100111 1011 1111110119 fiir 11111
111110111111111·11111111111911011 119111011111111 11111111 1111111113. ³0

111 1111101111111111119 11111 Ρ1111110111111111 1111111ν111111111119111111ΗΓ111111111111. ,10111 1111111191
11101191113111111911919111101111111111111110 ,1111011111111111.,10111110111 111111111101011
111111 111111, dass 1111 11111 semper augustus ,1110 111101 11111 1110111111 11 1011 81991111111111
1 111), ,3.311-330, 191. S. 7213, 3111111111 1111199111111 1111111111 111110 111 1111 111111111111 eines 25
11111111110111111(11191111011911111131.,-113,(11 191. S. 721) 911111·;111,11,11 111 1111 1011111119 9111111111·
1111111111 1111 111111111111119 1111 futuri 1111 101191111111110111 101011 991111111911110111111
1111101 1111181111· 111111 11111111111111119191111 91·”·111110 11111 11111111 ,Ν11·19’11 1991111 111101
0110101011 11111111 ‹Iams- 111 111 Sanctio 1111· ,1111110119 1111111911011119111, 111111111111111111
1111191 1101110, 11111111· 111101 111 die 1101111111 1111· 1111111011 11111151111·1’11111’1991; 111111 111111· 4„
110110111911111111 1111 «lem «1110111001Ι 11111 1·’1111110111111 101 1111111011 1101111111 11111 11111.
1111 11111111110111 11111110 0111190111 111111.

11 0111111101 111110 111111, 191, Ν. 11111111· 26, 108. 29 1111111·1111).277 11191 1111 :wei-
90011911 2111111111 5111110111 (0111181911. 33 StanJ 11191103 1119113 1111111111111011111119
1101111111,1111191111).6999111,1111111111111·11,Ν’1111111·1’1’9111 S. 7252 ,·11 l). 57 01111101 11110111, 111111 1⁵
11 1111· ,’1111111 11111111 1111 1119111119 1111111111 ΙΙ. 01119111 ,111 sich 9111,- 111 1111· 11111311 ein.

 

