XXII KAISERURKUNDEN.

06166 10610066 1015 06161616161001, 016101 006 unbekannt. Sebon 606 6610606 666160 1166616111
006 6166 11006161 im 10066 1010 006 0066 610 06066116060166110 10 6116660019600600160,
6166 10 8606111001 ,Ul 6106606606 016 610 86011166 6166 EC ereebee‘nt: der 1169100 661066·
Το6111916611111111 10 den 11611001) (D. 195,- 691. 0066 D. 192). Naeb dem Atwecbeiden
6166 EC 016101 (M 016 enm Ende 6166 1006661012 (1660661610666011116916 110061610606016ῑο
6116 161616 eon 1060 666106616 001 966606160606 11160016 161 dae D. 253 006 11101616 eom
20. December 1012 ,· 61000 666660016016166 6011191. 110 nnn T 0160006 066160161, 61666,
016 6166 110019 116100060160 1012 10 10101616 1616616, 6610 00961100, 6166 1616616606 1116611666
1116611666, 6616600161, 0611161061606 61066166 006 11101616 (1061 6061160960116060 0061 ann
11. 100006 966106060 661, so 161116 Vermntbnny, 61066 6616 10 61166660 110006 den ,1010660
GA zu erbennen 00060, 966101161 0061 0006 11696061.

116060 (161 0616661060 619601116060 1100616100106 6166 6160166060 0010611009, 66600
6016 000 Ε6160 0066060 1691. 0060 S. XX) 10 6160 100660 1010-1012 01601 9696060.
111060 anderen 111000, 160 6000 6101116 96001160 001, 0061 6166 10 den 1006601009-1019
(D. 198—404) 061 6166 610616069οη9 600 1119100660 0610611191 006, 00 616060, 6616 6160 η
061 10060 01160 0060061660 06166 00066606101160 6006060 111661, 6166 Ab! Godebnrd 600
Νί661666110160, 1696666666 00611166616161 610 Interesse 960001001, 1600060 6616 006 01661060
01661066 6116666 600 1161061616 0660061666 0691106119160 610166, 0160 016 61060 Ρο6161660661066
0066060. Und 60006 06969060 0060 6006116060 009666060 600 61601106006696601, 0600916160
01601600110190161611066, 1061166601006601691.1111210230230217243.252), b'm ω
60 616109606166 war 66 001019 1116 6160 11661061 6166 1161 bald einen Ereatz zu sebaffen.
1116 11001 fiel 001 61060 30616660, GB, 6166, 6616 6616 6011 00606166 11006660610116016611
6600600660 61116160, 016066 160 11160616 6166 111660016 1166000661 non Η11616606106 9661006160
0061 616 6166660 01661006 im 160066 1007 dae 1). 120 fiir Steterbnr9 0060 dem 1106166
1660111660610606060[0000011000 66610661 06116 ². Ine 1166061 desselben 100666 00116 66 66
61000 6166 110061610060 6106001 061 6166 6101066009 6166 660160 7061096 1116 6106 006 10
10166901166166 11661611 66οα11606 D. 171 66106111116 961160606 106 6010611966 1111911661 6606616
66 6661 jem, 001 160 016166 1013 1611166 006 10 6116666111960660011606661 60196960 (DD.
255 ff) Von 01160 117660661101160 0006611061, 001 GB 61000 016 enm Ende der 1169166009
Η61061606 1163011609 61066 1611606160 Notene 10 6166 6160166060 1100616100106110090610109161,· ao
0060 dem Το616 6166 11016666 001 66 6161161601 61060 11αο6906160 10 6166 Ρ1016 60 11011-
hausen 66οα11601 0601961606 61061 61061 10 6160100660 1025 00611030 die 0616160 1161600160
(St. 1875. 1996) 9696060, 10 616060 016001661100606111. 66106 8606111 6001 661060 Stil
66166166661660060. 86106 Ρ66600116016611 en 6660111610, 16011 66 1616166 00 00666160606160
6100011690061608 3 00 66 etna 01161660 1166106666 6166 Η116166061οι66 61006160 10 Β66160009 66
9661006160 001, und ob anf ibn 116 060166166066666106 6109006 6116666 0000160 11066610 160
16066 1014 dem 1162610060 Βο060669 6610611166, 006 01601 6600116066 Ρ6161169 1161061606
60606060100660 161, 60066 9006 100069661610 0161060.

86000 006 dem Ε1016111 6166 GB 0061160006106116 0001611009 6166 6160166060 11006161
10 0016661100616 00096900960. Anf 1171111916, 6166 em 23. 1606006101] 61060, war 616 no
Erzbieebof 000 Metine, 1160600611, 6101 von 101616, 9610191,· aber· 6616 dieser an
966600116066 Bedentnnq dem Vorqe‘inyer 0610660696 9161600060, 60 ward 66 0060 01601 60111
6166 Erbe 661066 81611009 ann Hose. 1106 61601166 1066οα06106 1061101160, 6106 1176111916,
wie wir nne 66100660, 91616010116 061616016100116, 660661 1006 01601000166960, eoadem 66

1) bnr 06 D. 270 091111. 000 22, 157 0. 1. 2) 660 <ne um 00666060 60096 a
6166 D. 255 fn'r 11616166οε160, 6116 9161601010 6166010066 1007 0096011616, 001 66 61166 1606660610·
1160061100εο versant. 3) Aller Wanreeneinlicnkeit 0660 stand 6610 Name 10 einer Dorsualnoeiz
6166 D. 482 (091. die Verbemerlnmq dam), 1616066 0160160606 616066 zu entnflem.

 

