'PAFEL

11311313 Vergleichung der Nummern der von Sttnnpf in den Reichsknnzlern 1111111111 Nachtr3gen verzeiehneten
Kaiserurkunden mit den Nummem der hier ausgenommenen Diplome. - Der Strieh in der zweiten Columne
bnsagt, dass das 1311 Stumpf mitgez0hlte Stiiek hier ausgeschlossen i0t3 durch ⁸0- 11331111 wir nn, dass 33
31311 1131131 um eine Fiilnehung jiingeren Datums handelt. Den Nummern 1131 111 den Nachtriigen abgedrucktaen
Diplome 1313111 813111, denjenigm, zu welchen in 11311 Nachtriigen und Berichtigungen 03’011tigere Erginzungen
(1. Τ. auf Grund 11311 331351333111313111313111113311) geboten werden, sind 1331 Stel-113 voraugestent.

1 1343 **11 1333 33 1133 123 1111
1 1353 12 1333 31 1131 511 1113 133 1515
1 1351 13 13331 32 1132 113 1111 153 1513
5b 1353 44 1330b 510 1133 121 1115 113 1511
51 1353 15 1331 33b 1434 123 1113 151 1513
3 1353· - 1332 33a 1135 122 1111 155 1513
3 1351 13 1333 31 1133 125 1113 113 1523
1 1355 - 1331 33 1131 111 1113 153 1511
**3 1353 - 1335 31 1133 123 1133 151 1521
3 1351 11 1333 33 1133 121 1131 153 1513
13 1353 13 1331 33 1113 11113 1131 131 1511
11 1353 13 1333 31 1111 113 1133 111 1515
12 1333 53 1333 31 1112 133 1131 515 -
13 1331 51 1400 33 1113 131 1135 111 1523Ι .
15 1331 52 1131 31 1111 513 1133 112 1521
11 1333 51 1132 35 1115 131 1131 113 1523
13 1331 55 1403 sp.- 1440 133 1433 115 1513
11 1335 53 1131 33 1111 131 1133 *1111 1533
13 1333 53 1405 31 1443 135 11333 11111531
13 1331 11331 1400 33 1443 130 1430 113 1532
23 13331 531 1131 33 1450 131 1131 113 1533
11 13331 5311133 - 1151 133 1132 111 1531
12 1303 53 1403* 101 1151 133 1133, 133 1535

 

13 1313 00 1410· 133 1453 140 1404 113 1533
131 1311 31 11111 132 1151 141 1⁴⁹51 131 1531
13 - 31 1112 511 1155 111 1133 131 1333
11 1312 31 1413 103 - 143 1131 133 1533
21 1313 31 1111 131 1153 511 1133 131 1513
15 1311 35 1115 135 1151 135 1133 304· 1541
23 1315 33 1410 100 1153 131 1533 304b 1512
23 1313 31 1111 131 1153 133 1531 133 1543
33 1311 15- 1113 103 1400 131 1531 133 1511
31 1313 33 1113 133 1131 132 1503 232 1545
31 1113 13 1123 113 1131 133 1531 231 1513
33 1333 11 1111 111 1133 133 1303 135 1511
31 1331 11 1121 111 1131 133 1533 135 1543
35 1333 13 1123 111 1135 113 1531 233 1513
33 1333 11 1121 115 1133 152 1533 133 1553
31 1331 15 1123 113 1131 153 1333 133 1551
33 1335 13 1113 - 1133 111 1513 131 1551
33· 1330 11 1111 111 1133 151 1511 133 1553
3311331 13 1123 113 1113 153 1513 130 1554
13 1333 13 1123 113 1111 113 1513 131 1551·

-.-,-

*11 014300130104 11111111 stelle des 351, du 111 melchon 111, vgl. 1111 1151551111 Nahum.

 

